1000	600
43	243
957	270
426	13	22	576
899	83	30	437
831	0	32	279
838	292	38	19
879	265	15	23
869	269	7	14
886	302	8	14
852	310	20	289
797	234	28	113
927	290	63	14
948	318	50	13
929	339	47	18
910	14	5	83
927	6	9	98
949	13	19	243
921	240	42	18
395	547	20	55
466	0	14	489
461	455	38	14
461	508	47	9
471	517	10	83
640	340	10	36
625	355	9	41
610	382	10	39
633	409	11	41
651	389	11	34
620	433	8	28
605	432	10	41
626	473	13	76
656	438	14	68
576	459	11	64
581	375	15	58
672	350	12	56
600	487	13	54
562	439	36	13
676	423	24	13
685	454	9	75
648	464	4	78
575	325	230	16
736	129	16	207
587	538	8	47
609	558	11	42
639	563	14	38
666	528	9	53
563	516	8	50
