1000	600
26	583
971	25
101	73	204	83
269	333	97	117
453	122	62	267
579	24	178	70
670	309	88	227
574	288	23	26
652	191	17	19
583	209	20	17
606	247	43	11
626	281	4	18
630	324	22	15
651	288	9	34
636	264	10	20
583	263	27	13
562	235	28	13
554	194	14	23
588	181	37	22
624	222	23	6
660	244	16	25
671	278	19	17
654	220	16	16
165	421	77	86
266	474	99	70
89	357	56	100
96	490	45	98
161	532	62	58
246	569	57	60
157	247	32	38
185	327	35	36
73	283	36	32
90	198	41	48
171	182	53	24
222	237	38	25
246	286	36	13
267	187	49	27
162	-7	79	89
558	151	33	18
600	139	26	24
580	119	25	9
509	-5	121	46
606	308	15	23
543	272	22	20
529	303	28	24
503	253	22	25
525	223	17	19
522	110	21	25
505	168	37	36
554	126	15	12
554	84	14	22
527	61	14	13
510	85	26	14
493	53	19	11
556	55	15	9
522	35	27	14
595	90	29	19
616	119	21	12
642	126	14	24
571	175	13	18
632	159	13	29
569	490	145	111
778	79	71	251
872	34	32	82
938	64	50	28
800	9	33	31
