1000	600
56	580
928	55
42	513	3	69
69	513	4	73
35	18	13	494
71	431	9	86
78	428	196	7
273	436	8	153
284	584	73	5
352	474	7	112
48	10	937	8
982	14	6	574
848	588	141	4
554	586	285	4
841	588	9	7
839	588	12	8
833	590	15	5
359	475	68	5
430	480	114	5
543	481	7	107
544	585	18	9
426	474	6	14
83	58	95	23
113	192	43	211
83	15	8	50
877	24	17	95
892	129	91	14
854	190	29	87
919	264	28	100
765	321	58	206
658	249	5	104
721	146	93	81
555	60	155	46
459	64	19	58
290	172	153	105
567	201	41	200
309	341	77	73
483	287	18	84
285	64	117	39
186	125	40	261
586	468	142	59
887	485	78	64
874	399	72	56
697	366	31	58
788	55	54	67
512	158	17	76
592	137	102	40
487	424	60	42
157	215	48	9
625	25	15	12
804	12	5	34
841	78	33	7
891	115	9	26
